[gd_scene load_steps=9 format=3 uid="uid://dp6sarh3doobm"]

[ext_resource type="Script" path="res://src/actors/Player.gd" id="1_8625e"]
[ext_resource type="Script" path="res://src/actors/AnimationHandler.gd" id="2_bt2ar"]
[ext_resource type="Script" path="res://src/actors/PlayerController.gd" id="2_rcsg1"]
[ext_resource type="PackedScene" uid="uid://c2uuuowdqrphi" path="res://assets/characters/generic.gltf" id="3_bcynx"]
[ext_resource type="Script" path="res://src/actors/ActionController.gd" id="3_t468b"]
[ext_resource type="Script" path="res://src/actors/HealthComponent.gd" id="4_qrskp"]

[sub_resource type="CapsuleShape3D" id="CapsuleShape3D_rw8oh"]

[sub_resource type="CapsuleMesh" id="CapsuleMesh_4rug2"]

[node name="Player" type="CharacterBody3D"]
collision_layer = 2
script = ExtResource("1_8625e")

[node name="CollisionShape3D" type="CollisionShape3D" parent="."]
transform = Transform3D(1, 0, 0, 0, 1, 0, 0, 0, 1, 0, 0.993321, 0)
shape = SubResource("CapsuleShape3D_rw8oh")

[node name="MeshInstance3D" type="MeshInstance3D" parent="."]
transform = Transform3D(1, 0, 0, 0, 1, 0, 0, 0, 1, 0, 1.00816, 0)
visible = false
mesh = SubResource("CapsuleMesh_4rug2")

[node name="ActionController" type="Node" parent="." node_paths=PackedStringArray("anim_controller")]
script = ExtResource("3_t468b")
anim_controller = NodePath("../AnimationHandler")

[node name="AnimationHandler" type="Node" parent="." node_paths=PackedStringArray("anim", "actions", "controller")]
script = ExtResource("2_bt2ar")
anim = NodePath("../player_model/AnimationPlayer")
actions = NodePath("../ActionController")
controller = NodePath("../PlayerController")

[node name="PlayerController" type="Node" parent="." node_paths=PackedStringArray("player", "actions")]
script = ExtResource("2_rcsg1")
player = NodePath("..")
actions = NodePath("../ActionController")

[node name="HealthComponent" type="Node" parent="."]
script = ExtResource("4_qrskp")

[node name="player_model" parent="." instance=ExtResource("3_bcynx")]
transform = Transform3D(2, 0, 0, 0, 2, 0, 0, 0, 2, 0, 0, 0)

[node name="Torso" parent="player_model/Node/Humanoid" index="0"]
transform = Transform3D(0.984808, 0, 0.173648, 0, 1, 0, -0.173648, 0, 0.984808, 0, -0.03125, 0)

[node name="Head" parent="player_model/Node/Humanoid/Torso" index="1"]
transform = Transform3D(0.996195, -0.0871557, 0, 0.0871557, 0.996195, 0, 0, 0, 1, -0.0078125, 0.1875, 0)

[node name="LArm2" parent="player_model/Node/Humanoid/Torso" index="2"]
transform = Transform3D(-0.023456, -0.886167, -0.462773, 0.0386909, 0.461749, -0.886167, 0.998976, -0.038691, 0.0234558, -0.015625, 0.109375, 0.171875)

[node name="LEblow" parent="player_model/Node/Humanoid/Torso/LArm2" index="1"]
transform = Transform3D(0.996195, 1.49012e-08, -0.0871557, 0.0754791, -0.5, 0.86273, -0.0435779, -0.866025, -0.498097, -0.0015625, -0.0078125, 0.203125)

[node name="RArm2" parent="player_model/Node/Humanoid/Torso" index="3"]
transform = Transform3D(0.152779, -0.766321, 0.624029, -0.137764, 0.608761, 0.781301, -0.978611, -0.205335, -0.012566, -0.015625, 0.109375, -0.171875)

[node name="RElbow" parent="player_model/Node/Humanoid/Torso/RArm2" index="1"]
transform = Transform3D(0.843391, 0.0468288, 0.535255, 0.536788, -0.11689, -0.835581, 0.0234367, 0.99204, -0.123721, -0.0015625, -0.0015625, -0.203125)

[node name="RLeg" parent="player_model/Node/Humanoid" index="1"]
transform = Transform3D(0.906308, 0.422618, 0, -0.422618, 0.906308, 0, 0, 0, 1, -6.93889e-18, -0.21875, -0.0625)

[node name="RLowerLeg" parent="player_model/Node/Humanoid/RLeg" index="1"]
transform = Transform3D(0.906308, -0.422618, 0, 0.422618, 0.906308, 0, 0, 0, 1, 6.93889e-18, -0.25, 5.55112e-17)

[node name="LLeg" parent="player_model/Node/Humanoid" index="2"]
transform = Transform3D(0.953717, -0.300706, 0, 0.300706, 0.953717, 0, 0, 0, 1, 0, -0.21875, 0.0625)

[node name="LLowerLeg" parent="player_model/Node/Humanoid/LLeg" index="1"]
transform = Transform3D(0.953717, -0.300706, 0, 0.300706, 0.953717, 0, 0, 0, 1, 0, -0.25, 0)

[editable path="player_model"]
